1 1 1 1 1
1 1 3 1 0.583039886648229
1 1 17 1 0.636987317682796
1 1 31 1 0.603263935562855
1 1 40 1 0.611923333546096
2 1 2 1 1
2 1 22 1 0.620137042331543
2 1 36 1 0.603980807312206
2 1 45 1 0.573805212635307
3 1 3 1 1
3 1 10 1 0.566937891131301
3 1 39 1 0.587385213612919
4 1 4 1 1
4 1 6 1 0.588719353071931
4 1 11 1 0.589545167949163
4 1 14 1 0.528775097875724
5 1 1 1 0.559394552698174
5 1 5 1 1
5 1 11 1 0.563246022619164
5 1 12 1 0.5834952904269
5 1 26 1 0.584439152753443
5 1 44 1 0.611254932962253
6 1 6 1 1
6 1 10 1 0.575871023829597
6 1 27 1 0.551661277227504
7 1 7 1 1
7 1 8 1 0.606208934768617
7 1 9 1 0.576544010419299
7 1 32 1 0.513650689650065
7 1 37 1 0.623764243075558
7 1 45 1 0.560304254105445
8 1 8 1 1
8 1 12 1 0.550492986894383
8 1 26 1 0.562189831570111
8 1 45 1 0.581864859718822
9 1 2 1 0.550837897239224
9 1 9 1 1
9 1 14 1 0.574247239236347
9 1 23 1 0.601620744724096
10 1 10 1 1
10 1 45 1 0.620371739269206
10 1 46 1 0.595272367397357
11 1 4 1 0.603371035598228
11 1 11 1 1
11 1 15 1 0.519284485899232
12 1 12 1 1
12 1 17 1 0.647659993125546
12 1 23 1 0.585157111229239
12 1 36 1 0.623672561599104
13 1 13 1 1
13 1 18 1 0.6094613807817
13 1 21 1 0.59803315919573
13 1 34 1 0.575634064867637
13 1 43 1 0.572573254420025
14 1 4 1 0.558525412899394
14 1 14 1 1
14 1 30 1 0.621730469691633
14 1 34 1 0.581265502868655
14 1 44 1 0.587677028314015
15 1 15 1 1
15 1 29 1 0.620941168507452
15 1 30 1 0.582453578737877
15 1 43 1 0.597265714557055
16 1 2 1 0.598122635164294
16 1 16 1 1
16 1 18 1 0.597472882655707
16 1 33 1 0.562684718798637
17 1 1 1 0.633267336511159
17 1 5 1 0.566746926734529
17 1 17 1 1
17 1 27 1 0.569764769106227
18 1 7 1 0.628090345653262
18 1 8 1 0.600864899926817
18 1 18 1 1
18 1 25 1 0.584383224697245
19 1 16 1 0.561452718166103
19 1 19 1 1
19 1 21 1 0.605035346935271
19 1 22 1 0.62746657924495
19 1 24 1 0.605423646860882
20 1 20 1 1
21 1 21 1 1
22 1 8 1 0.568607015164557
22 1 22 1 1
23 1 9 1 0.587720487873533
23 1 16 1 0.572340055388048
23 1 23 1 1
23 1 29 1 0.5915999473826
23 1 36 1 0.609864577860839
24 1 2 1 0.570835335083511
24 1 24 1 1
24 1 38 1 0.610566539347541
24 1 45 1 0.585373065800102
25 1 1 1 0.59604934490344
25 1 25 1 1
25 1 29 1 0.583969254077967
25 1 46 1 0.611789940113813
26 1 1 1 0.568937789060163
26 1 2 1 0.566510594943267
26 1 5 1 0.631910817176391
26 1 16 1 0.54831047368293
26 1 26 1 1
26 1 46 1 0.611595600073288
27 1 6 1 0.580492521371246
27 1 7 1 0.621808784114777
27 1 27 1 1
27 1 32 1 0.570098233328393
27 1 35 1 0.595974174546228
27 1 42 1 0.575264701840649
28 1 1 1 0.582340502736748
28 1 11 1 0.574199734416677
28 1 16 1 0.612687560201433
28 1 20 1 0.599274429303605
28 1 28 1 1
28 1 35 1 0.623470387079748
28 1 38 1 0.596456874504331
28 1 43 1 0.633388876499649
29 1 22 1 0.579401285010186
29 1 29 1 1
29 1 34 1 0.593419098847108
29 1 46 1 0.631247385329933
30 1 4 1 0.592352670200188
30 1 5 1 0.612160104623436
30 1 14 1 0.588146959685237
30 1 30 1 1
31 1 31 1 1
32 1 3 1 0.539090576426071
32 1 28 1 0.541052431970093
32 1 32 1 1
33 1 33 1 1
34 1 9 1 0.578005928810597
34 1 13 1 0.579008460846138
34 1 33 1 0.561422954455908
34 1 34 1 1
34 1 44 1 0.571611548340859
35 1 14 1 0.602440596924447
35 1 27 1 0.588865259367009
35 1 28 1 0.587491140744611
35 1 35 1 1
36 1 11 1 0.590190669450573
36 1 15 1 0.568479537084768
36 1 26 1 0.639404558311782
36 1 36 1 1
36 1 46 1 0.626448668627503
37 1 7 1 0.623063816858514
37 1 33 1 0.60547151729731
37 1 37 1 1
38 1 25 1 0.564636758619127
38 1 38 1 1
39 1 4 1 0.584750588378455
39 1 34 1 0.597668829596211
39 1 39 1 1
39 1 45 1 0.609675931478886
40 1 6 1 0.607688362385166
40 1 11 1 0.570522599990553
40 1 15 1 0.572598431252382
40 1 27 1 0.582273978638292
40 1 40 1 1
41 1 7 1 0.622477898948588
41 1 10 1 0.584345110529098
41 1 15 1 0.561638935245258
41 1 32 1 0.543883611348713
41 1 41 1 1
42 1 15 1 0.589208234025446
42 1 33 1 0.609904487313523
42 1 36 1 0.626007664690586
42 1 42 1 1
43 1 15 1 0.616436791112889
43 1 43 1 1
44 1 25 1 0.561799883204068
44 1 44 1 1
45 1 2 1 0.546150118497487
45 1 10 1 0.571000835454141
45 1 45 1 1
46 1 25 1 0.583116062620999
46 1 46 1 1
1 1 22 2 0.462078303236391
1 1 39 2 0.435668285600057
2 1 22 2 0.442498837736084
2 1 39 2 0.436157333529358
2 1 41 2 0.456859586350579
3 1 23 2 0.415940802806369
3 1 28 2 0.437960183745385
4 1 11 2 0.438074622882775
4 1 24 2 0.444095716166625
5 1 33 2 0.458223461159094
5 1 37 2 0.44304728082912
7 1 2 2 0.413432575796431
7 1 7 2 0.444538181835941
7 1 22 2 0.42952550457593
7 1 28 2 0.438378285455389
7 1 38 2 0.428072666610548
8 1 11 2 0.445791614355166
8 1 20 2 0.421399583943263
8 1 22 2 0.430734789032435
8 1 24 2 0.42055440714705
8 1 28 2 0.411400391731878
8 1 38 2 0.449432392455667
9 1 17 2 0.464823929387769
9 1 20 2 0.473648175266874
9 1 35 2 0.398683154596162
10 1 44 2 0.433324164429927
11 1 14 2 0.46078307552877
11 1 24 2 0.428562413233263
11 1 36 2 0.431289990332434
12 1 1 2 0.405386140429684
13 1 9 2 0.416576450944093
13 1 15 2 0.419942962674814
14 1 11 2 0.461343762057261
14 1 13 2 0.484922504908594
14 1 29 2 0.458446720796975
14 1 31 2 0.455747772873997
14 1 38 2 0.454680265950621
15 1 11 2 0.415163603492335
15 1 34 2 0.408769040099624
16 1 19 2 0.435150204152204
16 1 42 2 0.434370880670745
19 1 2 2 0.464581115193503
19 1 17 2 0.435604910968384
19 1 21 2 0.461764301798953
19 1 27 2 0.41172100935952
19 1 40 2 0.45978929874546
20 1 27 2 0.417568494728024
21 1 11 2 0.440875493581235
21 1 12 2 0.384130993343533
21 1 32 2 0.379198642606964
22 1 16 2 0.417862911610874
22 1 28 2 0.369678107924435
22 1 33 2 0.390206567213736
23 1 10 2 0.447874104168791
23 1 17 2 0.427143612602399
24 1 35 2 0.427335003941179
25 1 5 2 0.475144158708134
25 1 37 2 0.444784192766673
26 1 20 2 0.410822966155185
26 1 21 2 0.42220368382321
26 1 29 2 0.419585796090443
26 1 36 2 0.41890712442853
27 1 2 2 0.438066747616704
27 1 4 2 0.396300263646238
27 1 11 2 0.381282446002129
27 1 13 2 0.445204540741859
28 1 35 2 0.424906865406493
28 1 41 2 0.448856966732052
28 1 42 2 0.407126136834373
29 1 5 2 0.455609518620827
29 1 34 2 0.496326758080538
29 1 42 2 0.49771141521575
30 1 24 2 0.387042848352468
30 1 45 2 0.413136004948765
31 1 22 2 0.423095974222192
31 1 26 2 0.44656830585589
31 1 39 2 0.417170256585981
32 1 1 2 0.401596997395831
32 1 34 2 0.394257799375283
33 1 12 2 0.43619433820766
33 1 38 2 0.423967725522846
34 1 2 2 0.475518514515271
34 1 19 2 0.440551263598526
34 1 44 2 0.443169672167727
35 1 7 2 0.421786861809156
35 1 27 2 0.413976338358785
36 1 31 2 0.422800508604746
37 1 24 2 0.3785640448353
37 1 33 2 0.44054711472748
38 1 22 2 0.487091486996211
38 1 24 2 0.450296719209486
38 1 26 2 0.467633917694255
38 1 35 2 0.462943465710511
39 1 21 2 0.472086231972965
39 1 24 2 0.449721570319096
39 1 27 2 0.427930965724823
39 1 33 2 0.509644823067857
39 1 40 2 0.459680498468677
40 1 22 2 0.411438049714811
40 1 25 2 0.406262582453334
40 1 45 2 0.394219232292082
41 1 10 2 0.401415365567752
41 1 15 2 0.459334931946262
41 1 41 2 0.419117403096759
42 1 17 2 0.386602100438063
43 1 19 2 0.411426507125522
44 1 7 2 0.45410081230836
44 1 18 2 0.423699092835805
44 1 44 2 0.46829958768728
44 1 46 2 0.488183412639266
45 1 28 2 0.403289150958028
1 1 4 3 0.267220098136353
1 1 21 3 0.250471901087427
1 1 36 3 0.247053710659902
2 1 19 3 0.255976943954804
2 1 20 3 0.277057517778456
2 1 32 3 0.279062783693009
2 1 46 3 0.252155596048654
4 1 6 3 0.274439699789314
4 1 12 3 0.263415339078246
4 1 44 3 0.236317439835473
5 1 8 3 0.262446093849072
6 1 41 3 0.22152944271876
7 1 14 3 0.238795251382295
7 1 34 3 0.260103350047953
7 1 42 3 0.248459743369883
8 1 4 3 0.242973101139447
8 1 7 3 0.265506580656958
8 1 14 3 0.23651555687429
9 1 27 3 0.295453055989232
9 1 30 3 0.270248733943249
9 1 44 3 0.258442125519759
9 1 46 3 0.288820914014072
10 1 8 3 0.244993891761591
10 1 24 3 0.280882850534564
10 1 35 3 0.259288336150797
11 1 43 3 0.276306892152948
12 1 10 3 0.231388758419022
12 1 35 3 0.232692424307366
13 1 3 3 0.260734375342979
13 1 25 3 0.268158608098269
13 1 32 3 0.248933178070775
14 1 11 3 0.264102064658742
14 1 17 3 0.241521202425809
14 1 23 3 0.272372058357978
15 1 46 3 0.257590686741761
16 1 3 3 0.242348907917399
16 1 9 3 0.2622328830842
16 1 31 3 0.275383606377559
17 1 30 3 0.242979076611991
18 1 25 3 0.269734211402188
19 1 3 3 0.251184777921393
19 1 7 3 0.258278170287395
19 1 28 3 0.233396998966307
19 1 39 3 0.242297763011817
19 1 43 3 0.240312200831354
20 1 2 3 0.256261157422731
20 1 15 3 0.250816682416128
20 1 27 3 0.275078518328942
20 1 43 3 0.244886883414533
21 1 11 3 0.249740800862555
21 1 36 3 0.264313263323289
21 1 38 3 0.233265942145671
21 1 40 3 0.252620297721859
22 1 2 3 0.237166283259491
22 1 19 3 0.234780738838345
22 1 31 3 0.269600025621595
23 1 23 3 0.233323556248128
23 1 25 3 0.243663834960856
24 1 11 3 0.26903160749533
26 1 29 3 0.257681536979884
26 1 31 3 0.251355962173069
27 1 24 3 0.268296274739663
27 1 27 3 0.28922844472303
29 1 3 3 0.252064350395352
29 1 4 3 0.278706893434264
29 1 13 3 0.268447779297998
29 1 16 3 0.260166802615432
29 1 26 3 0.269831786368858
29 1 35 3 0.2679553371067
30 1 41 3 0.241848284169229
31 1 9 3 0.258809961211981
31 1 44 3 0.23053907285763
32 1 31 3 0.284895229161544
32 1 33 3 0.259130038030248
32 1 44 3 0.281033095227111
33 1 19 3 0.296508217699623
33 1 21 3 0.288950752657771
34 1 11 3 0.306291609267674
34 1 37 3 0.281787602182123
36 1 8 3 0.246795231066364
37 1 8 3 0.261122116818161
37 1 12 3 0.250933184399171
37 1 16 3 0.249448663859474
38 1 36 3 0.300473689862793
39 1 11 3 0.311555902988607
39 1 30 3 0.284352528138563
39 1 34 3 0.305686225599863
39 1 44 3 0.294164083337679
40 1 3 3 0.262166631438297
41 1 46 3 0.242038525795914
42 1 22 3 0.246996851900684
42 1 29 3 0.272765880705964
42 1 36 3 0.255031161500568
42 1 43 3 0.255689479474732
42 1 46 3 0.283615572579147
43 1 2 3 0.278321632277753
43 1 28 3 0.262859495005787
44 1 23 3 0.236715088258445
44 1 29 3 0.267983652265283
44 1 45 3 0.242606444284821
45 1 33 3 0.288765731572986
46 1 20 3 0.23373697981932
46 1 36 3 0.220023284469872
1 1 31 4 0.0821398876770917
1 1 32 4 0.0856054536425952
2 1 11 4 0.0820224308413878
2 1 39 4 0.072610531337088
2 1 40 4 0.0783902883715417
2 1 46 4 0.089803974947228
4 1 35 4 0.0760490460349624
5 1 2 4 0.0730756016052169
5 1 40 4 0.071848571966486
6 1 12 4 0.0789894241071303
6 1 38 4 0.0777187270337743
7 1 10 4 0.0798315944038254
7 1 37 4 0.0845883813832123
7 1 38 4 0.0682269783076053
8 1 22 4 0.0728185579940373
8 1 31 4 0.0724940615176762
8 1 33 4 0.0690390462942902
8 1 40 4 0.0668758385487959
9 1 12 4 0.0839799793573636
10 1 14 4 0.0779612706781164
11 1 18 4 0.0811973671238379
11 1 44 4 0.0733599469207497
12 1 23 4 0.0852020600509019
12 1 35 4 0.0778738218135225
12 1 37 4 0.0946805341025869
12 1 40 4 0.0792200328805622
13 1 2 4 0.0762862874544977
13 1 17 4 0.0726074698495853
15 1 18 4 0.0729759300705654
15 1 28 4 0.0833521862128927
15 1 40 4 0.0901057040310468
15 1 43 4 0.0720691197702076
16 1 1 4 0.0701074452456796
16 1 34 4 0.0648514620958609
16 1 44 4 0.0683416718862042
17 1 20 4 0.0843657287750873
18 1 10 4 0.072489985500804
19 1 3 4 0.0744748116682202
19 1 11 4 0.0727173229411565
19 1 32 4 0.0572763607683111
19 1 43 4 0.0653401964448257
20 1 38 4 0.0761654480727177
21 1 26 4 0.0701587406789939
22 1 16 4 0.075914446798005
22 1 45 4 0.0751474124654311
23 1 9 4 0.071627824309289
23 1 24 4 0.0694243559210444
23 1 27 4 0.0719952983079646
24 1 4 4 0.0780206469598576
24 1 46 4 0.0745593779697959
25 1 30 4 0.0739537787160416
25 1 36 4 0.0822472909349164
25 1 42 4 0.0665915837238021
26 1 22 4 0.0764921532274571
26 1 30 4 0.0776905373075708
26 1 31 4 0.0768795948667957
27 1 13 4 0.0797267648055741
27 1 14 4 0.0753121863408651
27 1 21 4 0.0859351263842941
27 1 36 4 0.079873899460065
28 1 13 4 0.0728664760410069
28 1 43 4 0.0688347383117993
29 1 3 4 0.0674956432523965
29 1 9 4 0.0680936250208655
29 1 19 4 0.082164693302919
29 1 24 4 0.0752013880184787
29 1 32 4 0.0817156553537457
29 1 37 4 0.0821284740098808
30 1 16 4 0.0841217389308509
30 1 18 4 0.0806886143176276
31 1 32 4 0.0710901607143758
32 1 12 4 0.0787533691249735
32 1 14 4 0.0743254926199167
33 1 9 4 0.0688936832432861
33 1 14 4 0.0779437189584196
33 1 23 4 0.0661884850990732
33 1 36 4 0.066810813316995
34 1 2 4 0.0805926230532484
34 1 10 4 0.0772467958276607
34 1 20 4 0.0815200394257115
35 1 5 4 0.072455540715697
36 1 5 4 0.0819219821672543
36 1 33 4 0.0790042967452056
37 1 15 4 0.0751223244129669
37 1 22 4 0.084406582635771
37 1 27 4 0.0814490822366971
37 1 38 4 0.0813415355603737
37 1 42 4 0.0825492416277765
38 1 42 4 0.0711364856558982
39 1 2 4 0.0657706479376239
39 1 25 4 0.073227638358079
40 1 25 4 0.0670538389333995
40 1 33 4 0.0700215824107614
40 1 40 4 0.0586703942913622
41 1 3 4 0.0664940182372057
41 1 10 4 0.0711058319966255
41 1 15 4 0.0781716160318082
41 1 22 4 0.069726628507082
41 1 24 4 0.0688744143350408
41 1 33 4 0.0698716931975173
42 1 9 4 0.0636961539510722
42 1 24 4 0.0676655579828319
42 1 35 4 0.073359666425546
43 1 31 4 0.0673830927912173
44 1 10 4 0.0703117756470081
44 1 20 4 0.0773624738022763
44 1 29 4 0.0728624678663077
44 1 31 4 0.0637921379098275
44 1 45 4 0.0650044926520438
45 1 2 4 0.0615529524935848
45 1 16 4 0.0659142720397935
46 1 6 4 0.0789069364775907
46 1 7 4 0.0764916588829883
1 2 1 2 1
1 2 22 2 0.220303414252314
1 2 23 2 0.246019349665533
1 2 24 2 0.165199681202157
1 2 31 2 0.198566399926454
2 2 2 2 1
2 2 6 2 0.227326650166223
2 2 22 2 0.221009938464786
2 2 23 2 0.189463839679251
2 2 35 2 0.222869377974353
2 2 40 2 0.215084020857611
2 2 41 2 0.235024105961364
2 2 45 2 0.213134120396153
3 2 1 2 0.270863619538416
3 2 3 2 1
3 2 17 2 0.218214466608767
3 2 18 2 0.203394542991071
3 2 30 2 0.181481049378872
3 2 42 2 0.208920167426898
3 2 44 2 0.191998417541711
3 2 46 2 0.191875455892461
4 2 4 2 1
4 2 28 2 0.194509588969085
5 2 5 2 1
5 2 13 2 0.218144120664883
5 2 21 2 0.193536646009183
5 2 25 2 0.227303695087367
5 2 27 2 0.191321421778633
5 2 32 2 0.183220588599862
6 2 6 2 1
6 2 23 2 0.211320517577892
6 2 29 2 0.198307619723105
6 2 39 2 0.219526011335487
6 2 45 2 0.221912830412124
7 2 2 2 0.272003267323047
7 2 7 2 1
7 2 8 2 0.173363392691361
7 2 9 2 0.167428487676188
8 2 6 2 0.171509276422478
8 2 8 2 1
8 2 37 2 0.229448580051902
9 2 9 2 1
9 2 10 2 0.215403340394154
9 2 25 2 0.21047657338229
10 2 9 2 0.214893568829724
10 2 10 2 1
10 2 17 2 0.164269024445303
10 2 25 2 0.172711847999041
10 2 26 2 0.217516943663218
10 2 32 2 0.211376488455329
10 2 39 2 0.241708521308297
11 2 11 2 1
11 2 12 2 0.234361957607213
11 2 15 2 0.183656883310055
11 2 16 2 0.199967692333867
11 2 33 2 0.204441680046897
11 2 43 2 0.173064374177469
12 2 11 2 0.227646584557441
12 2 12 2 1
12 2 18 2 0.182686562622631
12 2 43 2 0.206727258878182
13 2 2 2 0.245538101654392
13 2 13 2 1
13 2 26 2 0.191578321141385
13 2 34 2 0.191640908682482
13 2 37 2 0.239256386749153
13 2 39 2 0.191603682063269
14 2 14 2 1
14 2 25 2 0.192159040430863
14 2 38 2 0.206144869459273
15 2 3 2 0.217837008302896
15 2 11 2 0.226199879226094
15 2 15 2 1
15 2 43 2 0.196711548024404
16 2 11 2 0.205435317053161
16 2 16 2 1
16 2 28 2 0.182607045771332
16 2 31 2 0.220550720503527
17 2 3 2 0.20946368796052
17 2 4 2 0.235213212384476
17 2 17 2 1
17 2 31 2 0.206742865551255
17 2 45 2 0.18056616313293
17 2 46 2 0.208730797184927
18 2 12 2 0.185437872138498
18 2 16 2 0.225276337031323
18 2 18 2 1
18 2 29 2 0.183231558459092
18 2 46 2 0.209154608785213
19 2 19 2 1
19 2 23 2 0.194787335950799
19 2 31 2 0.231350473685147
19 2 37 2 0.223573008586724
20 2 20 2 1
20 2 28 2 0.190085171507411
20 2 42 2 0.200190744172315
20 2 44 2 0.188155322373254
21 2 2 2 0.223130593685789
21 2 21 2 1
21 2 23 2 0.218353182167296
21 2 24 2 0.224472789270528
21 2 42 2 0.219569078694197
22 2 1 2 0.236529395510898
22 2 2 2 0.239206935313109
22 2 7 2 0.191601367592364
22 2 22 2 1
22 2 24 2 0.216238785023527
22 2 25 2 0.194329023060766
22 2 29 2 0.215605097015775
23 2 1 2 0.261835978468874
23 2 2 2 0.194794287776204
23 2 6 2 0.22447295700481
23 2 19 2 0.204566702404021
23 2 21 2 0.212008261333467
23 2 23 2 1
23 2 28 2 0.217321087067955
23 2 42 2 0.181581744682656
23 2 44 2 0.211511514582774
24 2 21 2 0.22270896985495
24 2 24 2 1
24 2 33 2 0.198543744702356
24 2 34 2 0.191500651858304
24 2 42 2 0.190613100989396
25 2 5 2 0.218397542654529
25 2 10 2 0.172919546047892
25 2 14 2 0.197023303877114
25 2 22 2 0.171585155064305
25 2 25 2 1
25 2 27 2 0.186639683317418
25 2 30 2 0.205970840507082
26 2 10 2 0.232418502006404
26 2 12 2 0.19189831182298
26 2 26 2 1
26 2 28 2 0.217758321807057
26 2 43 2 0.184381000265751
27 2 5 2 0.203189112732786
27 2 25 2 0.185839329493964
27 2 27 2 1
27 2 37 2 0.180589557306842
28 2 4 2 0.233467686456411
28 2 16 2 0.197926987108155
28 2 20 2 0.210154939988388
28 2 23 2 0.232100241687258
28 2 26 2 0.22778669602847
28 2 28 2 1
28 2 39 2 0.239412626033172
28 2 42 2 0.217582249588881
29 2 6 2 0.173558964813756
29 2 8 2 0.22074274488199
29 2 18 2 0.182974243489311
29 2 29 2 1
29 2 32 2 0.232104050387265
30 2 8 2 0.190213392998313
30 2 25 2 0.218832981241721
30 2 30 2 1
30 2 39 2 0.240450736272507
30 2 46 2 0.224806907357739
31 2 16 2 0.201355232749723
31 2 17 2 0.193559382394436
31 2 19 2 0.249074795927305
31 2 31 2 1
31 2 39 2 0.183366260442446
31 2 43 2 0.190844346975029
32 2 5 2 0.193694054350644
32 2 26 2 0.230122071303388
32 2 32 2 1
32 2 37 2 0.224646052687528
33 2 11 2 0.219415933057312
33 2 24 2 0.220983507040356
33 2 33 2 1
33 2 42 2 0.237341529699126
34 2 34 2 1
34 2 40 2 0.194214734542781
35 2 2 2 0.199775023575869
35 2 27 2 0.225863922371813
35 2 35 2 1
36 2 36 2 1
36 2 38 2 0.188890004285046
37 2 8 2 0.20712512074494
37 2 13 2 0.264424595425246
37 2 37 2 1
38 2 14 2 0.208000569124317
38 2 36 2 0.201514968456391
38 2 38 2 1
38 2 43 2 0.192070443112798
39 2 9 2 0.199242532122615
39 2 10 2 0.224179737582882
39 2 13 2 0.177500160406596
39 2 28 2 0.230926536075707
39 2 31 2 0.16927805066195
39 2 35 2 0.205317593741356
39 2 39 2 1
40 2 2 2 0.217480779698679
40 2 3 2 0.174758639326669
40 2 34 2 0.193647613526769
40 2 40 2 1
40 2 42 2 0.229800699841754
41 2 2 2 0.23606593264756
41 2 36 2 0.198013086282412
41 2 41 2 1
42 2 3 2 0.226028567397644
42 2 20 2 0.211168534769073
42 2 21 2 0.212131208696209
42 2 23 2 0.175814306953505
42 2 24 2 0.175576974256132
42 2 28 2 0.202613940420858
42 2 40 2 0.248068008463652
42 2 42 2 1
43 2 3 2 0.194707803396068
43 2 12 2 0.214765231988858
43 2 15 2 0.177330304203554
43 2 21 2 0.208732452638628
43 2 26 2 0.205861054973348
43 2 31 2 0.214659162420244
43 2 43 2 1
44 2 3 2 0.198499801837002
44 2 11 2 0.202645656011031
44 2 20 2 0.204085843245509
44 2 44 2 1
44 2 46 2 0.199241952623564
45 2 2 2 0.217436900568018
45 2 6 2 0.234717657908127
45 2 7 2 0.241831005275823
45 2 45 2 1
46 2 3 2 0.186916531569988
46 2 17 2 0.206636896891661
46 2 30 2 0.212827493281184
46 2 46 2 1
1 2 19 3 0.181701996819084
2 2 4 3 0.197271978678101
2 2 12 3 0.190823728654851
2 2 15 3 0.161724237644648
2 2 21 3 0.215338057439749
2 2 30 3 0.182426737806573
3 2 34 3 0.192467714675344
3 2 45 3 0.20612989098823
4 2 17 3 0.169121584660552
4 2 30 3 0.167778769150318
4 2 37 3 0.2109401673046
5 2 2 3 0.195033414234679
5 2 21 3 0.196981620709224
5 2 31 3 0.172016878988469
5 2 38 3 0.204842892822234
6 2 34 3 0.163909546945262
6 2 45 3 0.17890953572817
7 2 6 3 0.200897668152821
7 2 14 3 0.163638819131272
7 2 19 3 0.18164540788737
7 2 45 3 0.189971414796721
8 2 14 3 0.180957387777963
8 2 21 3 0.191564621332109
8 2 31 3 0.180508050420216
8 2 34 3 0.16920650550773
10 2 3 3 0.217045217623256
10 2 31 3 0.166698272541711
11 2 22 3 0.157555257265038
11 2 27 3 0.201827391349266
12 2 1 3 0.191388239310284
12 2 27 3 0.175878769565159
14 2 14 3 0.166378877543658
14 2 37 3 0.178429860381495
14 2 40 3 0.181609004393311
14 2 41 3 0.18387609222624
15 2 1 3 0.181823928776155
16 2 4 3 0.192251367767269
16 2 13 3 0.199182883163852
16 2 28 3 0.198458909073698
18 2 28 3 0.176854262575552
18 2 42 3 0.166789156668912
19 2 16 3 0.194038764810753
20 2 24 3 0.170275889506042
21 2 19 3 0.221826292659974
21 2 27 3 0.179858720844765
22 2 28 3 0.193759685550216
23 2 36 3 0.163381178166658
24 2 39 3 0.175158536912722
25 2 3 3 0.188441968760238
25 2 8 3 0.166661436082436
25 2 12 3 0.179001649436488
25 2 39 3 0.214685346627752
25 2 41 3 0.187151066718134
26 2 2 3 0.199840970393781
26 2 8 3 0.168104835318708
26 2 19 3 0.167065721965781
26 2 46 3 0.178530424921919
27 2 2 3 0.210128168820106
27 2 3 3 0.213124913769469
27 2 6 3 0.18683040913415
27 2 41 3 0.200338877668153
27 2 45 3 0.191104727003032
28 2 17 3 0.215701888573086
29 2 4 3 0.208485806990543
29 2 10 3 0.177953523116839
29 2 13 3 0.190409055732091
29 2 18 3 0.18763090340571
29 2 36 3 0.205432365840116
29 2 39 3 0.191790146321201
29 2 46 3 0.187427413688132
30 2 9 3 0.179719989458728
30 2 21 3 0.188297000831886
30 2 27 3 0.170343765190486
31 2 36 3 0.151451319680382
31 2 45 3 0.20535763905469
32 2 6 3 0.180706221398569
32 2 19 3 0.206174986238099
32 2 20 3 0.183348600865422
32 2 30 3 0.16405457001149
32 2 34 3 0.178911207062874
32 2 45 3 0.191518315568614
33 2 10 3 0.194381857238534
34 2 12 3 0.19810329473534
34 2 18 3 0.176377195785151
34 2 26 3 0.182909195707266
34 2 27 3 0.18980586328943
34 2 32 3 0.181171366014778
34 2 38 3 0.206048349132519
34 2 39 3 0.242936555484035
34 2 41 3 0.191734876202363
35 2 30 3 0.179119080790363
35 2 32 3 0.17750725523955
36 2 21 3 0.187543386249149
36 2 27 3 0.172309688815933
36 2 35 3 0.173069610755508
37 2 5 3 0.179606614099208
37 2 10 3 0.194243580763578
37 2 32 3 0.151770998574614
37 2 35 3 0.196689106692171
37 2 37 3 0.168792885078212
38 2 16 3 0.184907739709899
38 2 19 3 0.217193845405906
38 2 44 3 0.156054012716772
39 2 3 3 0.184631688817663
39 2 17 3 0.179465791232877
39 2 18 3 0.183802099610546
39 2 31 3 0.156225135339401
40 2 27 3 0.188506044374068
40 2 28 3 0.189535686509732
40 2 36 3 0.192535853958805
41 2 2 3 0.188629238343241
41 2 8 3 0.182807578669903
41 2 14 3 0.187083479623073
41 2 15 3 0.21393362807725
41 2 24 3 0.197533097710417
41 2 29 3 0.181047738169659
42 2 29 3 0.168872215608961
42 2 42 3 0.209711792315103
43 2 2 3 0.203992031049031
43 2 7 3 0.179059722022714
43 2 17 3 0.190174587786803
43 2 22 3 0.184322876126095
43 2 33 3 0.171386382924841
43 2 37 3 0.190970262040703
43 2 43 3 0.184470128188771
44 2 14 3 0.182373241699938
44 2 16 3 0.195761074650698
44 2 33 3 0.193459409233577
45 2 35 3 0.194497673274755
46 2 23 3 0.172035639682681
1 2 25 4 0.0677046809352966
2 2 31 4 0.0811536595034686
2 2 41 4 0.0783616767043668
3 2 20 4 0.0647718797787293
3 2 25 4 0.0637419479642615
3 2 35 4 0.0621867281572107
4 2 5 4 0.0806733636367659
4 2 11 4 0.0635179238823662
4 2 20 4 0.0818828336933836
5 2 5 4 0.0841326189803813
5 2 24 4 0.0760197509860128
5 2 35 4 0.0750838948983253
5 2 40 4 0.0752307115381658
6 2 16 4 0.0665876192366526
6 2 30 4 0.0708968484211228
6 2 41 4 0.0582067722552699
6 2 42 4 0.0640552754236965
7 2 35 4 0.0668302489299607
9 2 3 4 0.0732211535208537
9 2 12 4 0.0668998195545205
10 2 14 4 0.0619834531801412
10 2 34 4 0.070979550168566
10 2 44 4 0.0702591230471576
11 2 2 4 0.0642617389389686
11 2 3 4 0.0656907876171705
11 2 33 4 0.0592642489417489
12 2 11 4 0.0787383610516581
12 2 25 4 0.0705706069578428
12 2 26 4 0.0683577192937791
12 2 30 4 0.0701240655093004
13 2 38 4 0.0857782756173979
13 2 41 4 0.0797663601721029
14 2 25 4 0.0583019151510603
15 2 40 4 0.0665595601823042
16 2 5 4 0.071000735705407
17 2 24 4 0.0703299463748858
17 2 27 4 0.0633445058388152
17 2 34 4 0.0613359512728687
18 2 10 4 0.067718689230432
18 2 34 4 0.0655758473302634
18 2 37 4 0.0656870706142763
18 2 41 4 0.0667371607124879
19 2 3 4 0.0670661577286163
19 2 35 4 0.0748172248464737
20 2 11 4 0.0705089431622904
20 2 16 4 0.060490264805938
20 2 29 4 0.0697404596165689
20 2 42 4 0.0772823587782085
21 2 29 4 0.0678814475073175
22 2 26 4 0.0734338777651061
22 2 39 4 0.0665044994492153
23 2 45 4 0.0630185400419395
24 2 4 4 0.071077075302863
24 2 26 4 0.0691429575117035
24 2 30 4 0.0744167930926508
26 2 20 4 0.068674159449402
26 2 25 4 0.070151906126402
26 2 30 4 0.0699626212411428
27 2 7 4 0.0732856847605772
27 2 43 4 0.0765363042801226
28 2 2 4 0.0676835942042548
28 2 7 4 0.0653593020747385
28 2 10 4 0.0617148146160678
28 2 15 4 0.0618853289560251
28 2 32 4 0.0801292279428659
28 2 33 4 0.0737057526798694
29 2 2 4 0.0877634671899794
29 2 13 4 0.0896316735894641
29 2 32 4 0.0622856330607989
29 2 33 4 0.0758488460094576
29 2 42 4 0.0828982297496897
30 2 18 4 0.0763554621900758
31 2 1 4 0.0697245704708541
31 2 31 4 0.0709195762936669
32 2 1 4 0.0718484670395376
32 2 31 4 0.0752036604881237
33 2 33 4 0.0663598186065019
34 2 21 4 0.0670109720315017
34 2 36 4 0.0647775615794347
35 2 20 4 0.0793265424437855
35 2 22 4 0.0722506436885845
35 2 36 4 0.0654948990852432
36 2 16 4 0.067754298934484
36 2 35 4 0.0639799611367952
37 2 18 4 0.0757499973572066
37 2 25 4 0.0694480541498924
37 2 43 4 0.0763005528866372
38 2 3 4 0.0627552778300299
38 2 22 4 0.0653851387857582
39 2 3 4 0.0704744728838309
39 2 13 4 0.0859428636540363
39 2 19 4 0.0831941116201549
39 2 24 4 0.081292137885268
40 2 5 4 0.0666892154768744
40 2 7 4 0.062757152055995
40 2 18 4 0.0728256591303351
41 2 5 4 0.0746147821535589
41 2 10 4 0.0722770271424452
41 2 23 4 0.0738523146189716
41 2 33 4 0.0687572574068365
41 2 44 4 0.0765480890199191
42 2 41 4 0.0686369493302867
43 2 38 4 0.0766343596957122
44 2 19 4 0.0661223561267174
44 2 28 4 0.0760177718823547
44 2 40 4 0.0667620561842029
45 2 5 4 0.0670157925992965
45 2 10 4 0.0659288299081195
45 2 15 4 0.0677328632857237
1 3 1 3 1
1 3 4 3 0.0721631863938522
1 3 5 3 0.0772665798612837
1 3 23 3 0.089799431406309
1 3 36 3 0.0839875165787295
2 3 2 3 1
2 3 4 3 0.0704687997016645
2 3 13 3 0.100837122890314
2 3 21 3 0.0754891140687569
2 3 33 3 0.0645665264322111
2 3 34 3 0.0815933510481815
3 3 3 3 1
3 3 27 3 0.103132094682478
3 3 32 3 0.079022484423903
3 3 38 3 0.0674762607449287
3 3 44 3 0.0778414611402019
4 3 2 3 0.0769632017152747
4 3 4 3 1
4 3 9 3 0.0730144176212669
4 3 18 3 0.0870701402945323
4 3 21 3 0.076665719814648
4 3 35 3 0.102113240919918
4 3 37 3 0.0907437442674264
5 3 1 3 0.0787229701748789
5 3 5 3 1
5 3 12 3 0.0880499012275236
5 3 24 3 0.0783477182047371
5 3 38 3 0.0893057732512109
5 3 43 3 0.0925759636057275
6 3 6 3 1
6 3 7 3 0.0799903437404139
6 3 16 3 0.0980221020863364
6 3 27 3 0.0871221115374236
6 3 40 3 0.0777001167628
6 3 45 3 0.113206081910069
7 3 6 3 0.078193052061347
7 3 7 3 1
7 3 8 3 0.0889545302896007
7 3 18 3 0.104229455902932
7 3 28 3 0.0845041440838
7 3 43 3 0.076260192064388
7 3 46 3 0.087553994508072
8 3 7 3 0.0887308437542525
8 3 8 3 1
8 3 21 3 0.0649166483168051
8 3 33 3 0.0985703183314498
8 3 41 3 0.0831954990622022
8 3 42 3 0.0665615394018083
9 3 4 3 0.0714252643097312
9 3 9 3 1
9 3 10 3 0.109644886478472
10 3 9 3 0.108633818401759
10 3 10 3 1
10 3 12 3 0.0927907137762031
10 3 17 3 0.0866226267763484
10 3 20 3 0.0634969536626085
10 3 22 3 0.0927551873391624
11 3 11 3 1
11 3 16 3 0.0788033475622932
11 3 21 3 0.095905555368985
11 3 22 3 0.0756756969575401
12 3 5 3 0.0879199865906268
12 3 10 3 0.0969066737281754
12 3 12 3 1
12 3 13 3 0.0834471346542325
12 3 43 3 0.0663294200232095
13 3 2 3 0.0994682863745513
13 3 12 3 0.0831083513230956
13 3 13 3 1
13 3 33 3 0.0857013019519605
13 3 35 3 0.0742327877530843
13 3 39 3 0.0923288452658899
14 3 14 3 1
14 3 24 3 0.072040508538339
14 3 25 3 0.0689526424130909
14 3 35 3 0.0734056569197879
14 3 43 3 0.0820083926914354
15 3 15 3 1
15 3 17 3 0.0749200298771952
15 3 29 3 0.0801242083626389
15 3 31 3 0.103208092700801
15 3 34 3 0.0725423911626899
15 3 43 3 0.0825410094791306
16 3 6 3 0.0923068449375376
16 3 11 3 0.0773049858297762
16 3 16 3 1
16 3 22 3 0.0884477963603898
16 3 30 3 0.0717883106153848
16 3 40 3 0.101577600538777
16 3 42 3 0.094097922826013
16 3 45 3 0.106040646213581
17 3 10 3 0.0893361291717712
17 3 15 3 0.0736564088610814
17 3 17 3 1
17 3 33 3 0.0972870324768927
18 3 4 3 0.0876854987581136
18 3 7 3 0.10526767872903
18 3 9 3 0.0896771634389482
18 3 11 3 0.0832557023130446
18 3 18 3 1
19 3 6 3 0.0766686380097614
19 3 19 3 1
19 3 20 3 0.0965946364443111
19 3 21 3 0.0845544225919019
19 3 30 3 0.0691457615589161
19 3 38 3 0.0618136708247539
20 3 10 3 0.0654815157758444
20 3 19 3 0.0977462853005142
20 3 20 3 1
20 3 27 3 0.0962544444330199
20 3 28 3 0.0831370171155973
20 3 36 3 0.0782221705569203
21 3 2 3 0.0801131176652562
21 3 4 3 0.0733385967281229
21 3 8 3 0.065939040812395
21 3 11 3 0.0938516507935205
21 3 19 3 0.0818096419333862
21 3 21 3 1
21 3 23 3 0.0867447842716741
21 3 24 3 0.0992231862493532
21 3 31 3 0.0696333026334125
21 3 40 3 0.0856709024291381
22 3 10 3 0.0946137248726623
22 3 11 3 0.0787206483963089
22 3 13 3 0.0624913551800323
22 3 16 3 0.0912269845567928
22 3 22 3 1
22 3 24 3 0.0854678711706782
23 3 1 3 0.0922163299899645
23 3 21 3 0.0892607119868168
23 3 23 3 1
23 3 36 3 0.0870862934683252
23 3 46 3 0.0832348779864689
24 3 14 3 0.0727991759634926
24 3 21 3 0.100391621295712
24 3 22 3 0.0853196720253618
24 3 24 3 1
24 3 33 3 0.110614642896309
25 3 14 3 0.069798776042901
25 3 25 3 1
26 3 26 3 1
26 3 42 3 0.0734788268527157
27 3 3 3 0.107827768830355
27 3 6 3 0.0890136344989548
27 3 12 3 0.073855630705818
27 3 20 3 0.0950199630330912
27 3 27 3 1
27 3 32 3 0.0833534710939115
27 3 34 3 0.110324919043527
28 3 7 3 0.0885726691098262
28 3 20 3 0.0825450080833707
28 3 28 3 1
29 3 15 3 0.0791027382242696
29 3 29 3 1
29 3 39 3 0.0969020159543828
29 3 41 3 0.0783100489981003
30 3 16 3 0.0762757825699618
30 3 19 3 0.0655130504202993
30 3 28 3 0.0731943466469313
30 3 30 3 1
30 3 33 3 0.0806248829602086
30 3 36 3 0.0924545224611567
31 3 3 3 0.0803693927161706
31 3 15 3 0.104599641089548
31 3 21 3 0.0721430756015228
31 3 31 3 1
31 3 33 3 0.100199769052636
31 3 46 3 0.0782794913821986
32 3 3 3 0.0790249933255054
32 3 27 3 0.0846115913388657
32 3 32 3 1
32 3 34 3 0.0725813337966888
32 3 38 3 0.0787873948378772
33 3 2 3 0.064521301962587
33 3 8 3 0.0986687839275029
33 3 13 3 0.0877944898498116
33 3 17 3 0.0939711076784214
33 3 24 3 0.107138876157481
33 3 30 3 0.0754713714032046
33 3 33 3 1
33 3 36 3 0.086340022101677
34 3 15 3 0.0704766563551526
34 3 27 3 0.113596123090136
34 3 32 3 0.0686134371526525
34 3 34 3 1
34 3 36 3 0.0888328808922341
35 3 4 3 0.100011440624514
35 3 13 3 0.0780401219588707
35 3 35 3 1
35 3 37 3 0.0781668859771305
35 3 38 3 0.0857919714273031
36 3 1 3 0.0818520934883715
36 3 20 3 0.0803077952821538
36 3 23 3 0.0865706531097242
36 3 30 3 0.0996841462953987
36 3 33 3 0.090512349249569
36 3 34 3 0.090965270424418
36 3 36 3 1
36 3 41 3 0.0763457564040631
36 3 42 3 0.075726628105526
37 3 4 3 0.089634096599068
37 3 35 3 0.0787903262685213
37 3 37 3 1
37 3 42 3 0.0944483834533736
38 3 3 3 0.0664596570602541
38 3 19 3 0.0618570463514491
38 3 32 3 0.0788750358082334
38 3 35 3 0.0844943410014123
38 3 38 3 1
38 3 41 3 0.0719135642021426
39 3 13 3 0.0939156903157331
39 3 29 3 0.0927627417697122
39 3 36 3 0.090871434732617
39 3 39 3 1
40 3 6 3 0.0726460399070372
40 3 16 3 0.101858363661392
40 3 21 3 0.0907812840883256
40 3 40 3 1
41 3 8 3 0.0838404788255126
41 3 29 3 0.0793326127945409
41 3 36 3 0.0702305819705641
41 3 38 3 0.0712865041014394
41 3 41 3 1
41 3 43 3 0.080928770971088
42 3 8 3 0.06757418171778
42 3 9 3 0.0970167972447766
42 3 16 3 0.0954298742075716
42 3 26 3 0.0656591962150817
42 3 33 3 0.0771163619040284
42 3 36 3 0.0732699380625607
42 3 42 3 1
43 3 5 3 0.0883087020080701
43 3 7 3 0.0768245756462361
43 3 12 3 0.0643376653776038
43 3 14 3 0.0883868288777342
43 3 15 3 0.083504943113667
43 3 41 3 0.0826778465977364
43 3 43 3 1
43 3 45 3 0.0912833354960912
44 3 3 3 0.0760974591987661
44 3 21 3 0.0853197683632817
44 3 32 3 0.0898443751194335
44 3 44 3 1
45 3 6 3 0.108540871471661
45 3 16 3 0.104176532077971
45 3 43 3 0.0928733371533284
45 3 45 3 1
46 3 7 3 0.0858122802500374
46 3 23 3 0.0797935868742559
46 3 31 3 0.0755087183488655
46 3 46 3 1
1 3 13 4 0.0615517176476994
2 3 14 4 0.0543369402549949
2 3 40 4 0.057990412846821
3 3 44 4 0.0478347812717833
3 3 46 4 0.0507896229395319
4 3 37 4 0.0624624727118293
5 3 16 4 0.0584364415170622
6 3 6 4 0.0623897504041549
6 3 26 4 0.0664836772735869
6 3 28 4 0.0613609069694106
6 3 36 4 0.0620740268127412
7 3 29 4 0.0666318672151906
8 3 8 4 0.0541678417890604
8 3 37 4 0.0587135519789291
8 3 41 4 0.0487226724832006
9 3 9 4 0.0587057282144768
9 3 18 4 0.0584760312278094
9 3 21 4 0.0635385399889459
9 3 34 4 0.0557181311691407
10 3 1 4 0.0628232075446355
10 3 24 4 0.0591543782819696
10 3 32 4 0.0575965868432706
11 3 24 4 0.0534857452484944
11 3 44 4 0.0582072972241168
12 3 12 4 0.0641662471668329
13 3 13 4 0.0710413133372008
14 3 9 4 0.0593675485700308
14 3 10 4 0.063215473642916
14 3 33 4 0.0542146005910735
15 3 13 4 0.0644278618634516
15 3 21 4 0.0622595195767693
15 3 29 4 0.0607521574575742
15 3 32 4 0.0712569353939633
16 3 6 4 0.0536678691258147
16 3 12 4 0.0550698916938935
16 3 14 4 0.0557576774239792
16 3 15 4 0.053575947290331
16 3 20 4 0.0512909040060092
16 3 21 4 0.0661332109856495
16 3 24 4 0.05824743801613
16 3 41 4 0.0566958349591199
17 3 15 4 0.0523341687981387
17 3 18 4 0.0656631175807846
17 3 31 4 0.0543506905538371
17 3 43 4 0.0503387790088229
18 3 20 4 0.0599535981844968
18 3 43 4 0.0703524781769411
19 3 2 4 0.0651684808293025
19 3 16 4 0.0527942965269979
20 3 4 4 0.0536487700774171
20 3 5 4 0.0562326798562252
21 3 22 4 0.0629198459392035
22 3 22 4 0.0545659669787962
24 3 4 4 0.0537191136825944
24 3 18 4 0.0638088671488465
25 3 5 4 0.0670571111058509
25 3 35 4 0.0474515727120755
26 3 23 4 0.0645355715376135
27 3 31 4 0.0541764700889565
27 3 45 4 0.0539573695629106
28 3 2 4 0.0630532218578569
28 3 13 4 0.0602904816917804
29 3 3 4 0.0534241208512387
29 3 7 4 0.0525029617658259
29 3 13 4 0.0621959911262235
29 3 26 4 0.0597338105860394
29 3 39 4 0.0490108259423627
29 3 46 4 0.0564793279576023
30 3 1 4 0.0490789403819238
30 3 8 4 0.0670455502289169
30 3 36 4 0.0508271725384251
31 3 19 4 0.0497378877759681
31 3 30 4 0.0552337078885225
31 3 31 4 0.0557013164044639
32 3 15 4 0.0587068937292655
32 3 22 4 0.0715198388346319
32 3 27 4 0.0617738527931456
33 3 15 4 0.0562939627239086
33 3 22 4 0.0579605405536519
33 3 36 4 0.0477557295379574
34 3 40 4 0.0588683655880077
35 3 29 4 0.0620348770962332
36 3 5 4 0.0638808081385201
36 3 18 4 0.0556274095657019
36 3 21 4 0.0562078738899623
37 3 4 4 0.0562448398588208
37 3 26 4 0.0624115740803976
38 3 2 4 0.0601050871822279
38 3 22 4 0.0592156586657353
38 3 24 4 0.0577597460396809
38 3 34 4 0.0517646969508397
39 3 13 4 0.0642842072151599
39 3 19 4 0.0577831238135208
41 3 12 4 0.0523011803921553
42 3 7 4 0.0601471480738516
42 3 39 4 0.0660051456478628
43 3 7 4 0.0669294817271536
43 3 12 4 0.0544440225353981
43 3 36 4 0.0524486877657126
44 3 12 4 0.0610874667978005
44 3 30 4 0.0570788999665514
44 3 32 4 0.0566646502135703
45 3 35 4 0.0508588863507417
46 3 37 4 0.0651233898051373
46 3 41 4 0.0534406130650896
46 3 46 4 0.0602650504866943
1 4 1 4 1
1 4 6 4 0.0263052537183237
1 4 13 4 0.0243416666273905
1 4 20 4 0.029907442460524
1 4 23 4 0.0341774143789367
1 4 27 4 0.0264461446792488
1 4 31 4 0.0328335141739845
1 4 33 4 0.0241444677735673
1 4 37 4 0.0387883753809465
2 4 2 4 1
2 4 13 4 0.0354725880715171
2 4 14 4 0.0335124041172356
2 4 18 4 0.030152693494772
2 4 21 4 0.0350346694814849
2 4 24 4 0.0335122634437494
2 4 33 4 0.0327733872616291
2 4 34 4 0.0272330506907887
2 4 43 4 0.0331775503179161
3 4 1 4 0.0256779256455524
3 4 3 4 1
3 4 14 4 0.025676157549773
3 4 19 4 0.0277242222350218
3 4 24 4 0.028313618523991
3 4 32 4 0.0310715620051817
3 4 44 4 0.0250375609691348
3 4 46 4 0.0330635571121606
4 4 4 4 1
4 4 6 4 0.0263904141174083
4 4 23 4 0.0287450623666665
4 4 44 4 0.02965066726857
5 4 5 4 1
5 4 6 4 0.0252326492532183
5 4 7 4 0.0262515485205814
5 4 12 4 0.0259063963673221
5 4 28 4 0.0286488648158496
5 4 37 4 0.0246598369907204
5 4 40 4 0.028049231527608
6 4 1 4 0.0234206740271061
6 4 4 4 0.0252534861288092
6 4 5 4 0.0265716330161795
6 4 6 4 1
6 4 11 4 0.0316624543292397
6 4 12 4 0.0312968881673685
6 4 16 4 0.0227346893832562
6 4 26 4 0.0309038692810495
6 4 28 4 0.0314851971563049
6 4 29 4 0.0320847909538548
6 4 34 4 0.0280125523872318
6 4 36 4 0.0255389208079213
6 4 40 4 0.03040558493769
7 4 5 4 0.0237387085406398
7 4 7 4 1
7 4 8 4 0.0229998700010942
7 4 10 4 0.0315558195418739
7 4 16 4 0.0271576949534359
7 4 23 4 0.0292355140470054
7 4 24 4 0.0302189388025323
7 4 27 4 0.0306697753753717
7 4 29 4 0.0261401276362915
7 4 43 4 0.0256811116268983
7 4 45 4 0.0375413363895316
8 4 8 4 1
8 4 12 4 0.0232790957772421
8 4 16 4 0.027706429984339
8 4 24 4 0.0336021218562832
8 4 30 4 0.0271391640062914
8 4 32 4 0.0341920331527656
8 4 34 4 0.0212117200287443
8 4 46 4 0.0294920375248947
9 4 9 4 1
9 4 19 4 0.0297881212256729
9 4 22 4 0.0297431074766941
9 4 24 4 0.0350195143449568
9 4 30 4 0.024448404318365
9 4 38 4 0.0308629176045185
9 4 42 4 0.0270099114060582
9 4 43 4 0.0287228309757724
9 4 44 4 0.0235212866239696
10 4 2 4 0.0296527558466131
10 4 7 4 0.0343556920655518
10 4 9 4 0.0313109239974244
10 4 10 4 1
10 4 11 4 0.0246416474783123
10 4 19 4 0.033307806519102
10 4 43 4 0.0312980412600021
10 4 45 4 0.0283636242414931
11 4 2 4 0.0272512318766757
11 4 6 4 0.0309284841139705
11 4 11 4 1
11 4 13 4 0.0323200660747317
11 4 17 4 0.0317188687230393
11 4 25 4 0.0239931150362966
11 4 26 4 0.0292798085721915
11 4 36 4 0.0230851675213529
11 4 39 4 0.0273974058551985
12 4 5 4 0.0257793192020189
12 4 6 4 0.0309440722487832
12 4 8 4 0.0249485535613039
12 4 12 4 1
12 4 17 4 0.0229224105622436
12 4 23 4 0.0288702974289485
12 4 31 4 0.032994126347576
12 4 37 4 0.0243170299099349
12 4 44 4 0.0265372330821622
13 4 1 4 0.022080080803271
13 4 2 4 0.0336257864802675
13 4 11 4 0.0305259164777538
13 4 13 4 1
13 4 21 4 0.0488305803524678
13 4 30 4 0.0280180017589834
13 4 34 4 0.0281578281418521
13 4 38 4 0.0425502599020327
13 4 41 4 0.0300615954047132
14 4 2 4 0.0332542996218031
14 4 3 4 0.0283941026298738
14 4 14 4 1
14 4 15 4 0.0304862303146575
14 4 17 4 0.0346785392636006
14 4 29 4 0.0279441383415385
14 4 34 4 0.0308163734395713
14 4 38 4 0.0283990082247716
14 4 40 4 0.0258312932720267
15 4 14 4 0.0301301879881523
15 4 15 4 1
15 4 20 4 0.0312027550979877
15 4 21 4 0.0286257888568844
15 4 22 4 0.0287513150671161
15 4 24 4 0.0272893127778336
16 4 7 4 0.0276553641675375
16 4 8 4 0.0273390493581469
16 4 16 4 1
16 4 22 4 0.030004967212319
16 4 33 4 0.0249461439334415
17 4 11 4 0.0317325509981672
17 4 12 4 0.0241961983015391
17 4 14 4 0.0357099355326753
17 4 16 4 0.0223045805279004
17 4 17 4 1
17 4 22 4 0.0296058790299954
17 4 23 4 0.0271973107743874
17 4 25 4 0.0337038632959329
17 4 26 4 0.028894942472234
17 4 27 4 0.0289647826870593
17 4 29 4 0.0273364085216904
17 4 39 4 0.0296404223578555
18 4 2 4 0.0323021032865696
18 4 18 4 1
18 4 27 4 0.0299156783390803
18 4 32 4 0.0322783463031137
18 4 36 4 0.0322056363182593
18 4 38 4 0.0287981085381218
19 4 3 4 0.0272640518476325
19 4 9 4 0.0301705022530309
19 4 10 4 0.0275706393032421
19 4 19 4 1
19 4 27 4 0.0318073655374695
19 4 28 4 0.0253910375738357
19 4 29 4 0.0335947942792814
19 4 44 4 0.0335872017004885
20 4 1 4 0.0263845805598999
20 4 15 4 0.0313186714144282
20 4 20 4 1
20 4 28 4 0.0309073095809451
20 4 46 4 0.0334116033174732
21 4 2 4 0.0317759144322083
21 4 13 4 0.0467724453545375
21 4 15 4 0.0254417445372309
21 4 21 4 1
21 4 26 4 0.0282027783360673
21 4 33 4 0.0278272303022652
21 4 42 4 0.0499491047846799
21 4 43 4 0.0213530942339301
22 4 9 4 0.0286863169189457
22 4 15 4 0.0277160050959453
22 4 16 4 0.0330606065528156
22 4 17 4 0.0314240890507952
22 4 22 4 1
22 4 28 4 0.0229856640796601
22 4 29 4 0.0275016793427639
22 4 33 4 0.0317065634477198
22 4 44 4 0.0278893449045939
22 4 46 4 0.0349026761254705
23 4 1 4 0.0338124453491873
23 4 4 4 0.0257365611497869
23 4 12 4 0.0298775481207237
23 4 17 4 0.0260370266500457
23 4 23 4 1
23 4 25 4 0.0301047340547218
23 4 27 4 0.0319711687364775
23 4 35 4 0.030396526271625
23 4 36 4 0.0244963573471174
24 4 2 4 0.0329912819647844
24 4 3 4 0.0288646892166041
24 4 7 4 0.026921700037207
24 4 8 4 0.0350668755950089
24 4 9 4 0.0350488649965433
24 4 15 4 0.0298944684719178
24 4 24 4 1
24 4 28 4 0.0270941813873399
24 4 46 4 0.0299343772652725
25 4 11 4 0.0249977741982647
25 4 17 4 0.0337825244831037
25 4 23 4 0.0308195468506238
25 4 25 4 1
25 4 31 4 0.0275017965854303
25 4 40 4 0.0321871599821989
26 4 6 4 0.0322570461060146
26 4 11 4 0.0299772487790143
26 4 17 4 0.0270742030686427
26 4 21 4 0.0271978760393728
26 4 26 4 1
26 4 36 4 0.0339909518088822
26 4 42 4 0.0254183953919803
27 4 1 4 0.0264445430032981
27 4 7 4 0.031422469825007
27 4 17 4 0.0251704829134338
27 4 18 4 0.0258069920791769
27 4 19 4 0.0311163342843092
27 4 23 4 0.031584379877287
27 4 27 4 1
27 4 30 4 0.0307579373750587
27 4 32 4 0.0317948496331818
27 4 37 4 0.0288991805048721
28 4 5 4 0.0274928212371601
28 4 6 4 0.0306422334579401
28 4 19 4 0.0272500957498632
28 4 20 4 0.0299683004102172
28 4 22 4 0.023650449522409
28 4 24 4 0.0257515210216904
28 4 28 4 1
28 4 37 4 0.029705010932564
28 4 40 4 0.0301290338570365
28 4 46 4 0.0297597366922711
29 4 6 4 0.0328802393127445
29 4 7 4 0.027915747765069
29 4 13 4 0.0247702267213052
29 4 14 4 0.0229867640609919
29 4 19 4 0.0365311910383845
29 4 22 4 0.0253210614292253
29 4 26 4 0.0253573972547209
29 4 29 4 1
29 4 32 4 0.0228322058566824
29 4 34 4 0.0306304263194245
29 4 44 4 0.0279656082860652
30 4 8 4 0.0273572010382554
30 4 9 4 0.0252299760833897
30 4 13 4 0.0287676016688815
30 4 27 4 0.029106026011602
30 4 30 4 1
30 4 35 4 0.0327935493159793
30 4 38 4 0.0269360466592475
30 4 41 4 0.0361187479815552
30 4 43 4 0.0297213215434012
31 4 12 4 0.0318547901974388
31 4 25 4 0.0281884221721765
31 4 31 4 1
31 4 35 4 0.0240448372755828
31 4 44 4 0.0307543120512798
32 4 3 4 0.0277002643226763
32 4 8 4 0.0352046828254691
32 4 18 4 0.0290840652296738
32 4 32 4 1
33 4 1 4 0.0245901225857376
33 4 2 4 0.0331091344994918
33 4 16 4 0.0253549933492372
33 4 21 4 0.0303947848677512
33 4 22 4 0.033891900358302
33 4 33 4 1
34 4 2 4 0.0270940321160301
34 4 3 4 0.0266183201029339
34 4 7 4 0.0293162657955212
34 4 8 4 0.0250222186010213
34 4 13 4 0.0272122716896922
34 4 14 4 0.0311075711122365
34 4 29 4 0.0337803132198871
34 4 34 4 1
34 4 38 4 0.0247610434896932
34 4 45 4 0.0232810724077895
35 4 1 4 0.0247885475259281
35 4 3 4 0.0237479601489126
35 4 23 4 0.0319375153499857
35 4 29 4 0.0293566535553349
35 4 30 4 0.0347200123184668
35 4 31 4 0.0228194128599366
35 4 35 4 1
35 4 44 4 0.0292601635119696
36 4 11 4 0.0264340405849715
36 4 18 4 0.0335350498431699
36 4 26 4 0.0329586382977594
36 4 36 4 1
37 4 1 4 0.0373639807568843
37 4 5 4 0.0235136248351186
37 4 12 4 0.0254938552067324
37 4 14 4 0.0271746624407329
37 4 27 4 0.0304150109367316
37 4 28 4 0.0313817832178529
37 4 37 4 1
38 4 9 4 0.030378625808366
38 4 13 4 0.0416381817378216
38 4 14 4 0.026134990412134
38 4 18 4 0.0253174622339421
38 4 22 4 0.0269308678825458
38 4 34 4 0.0238387448936508
38 4 38 4 1
38 4 39 4 0.0219225637558962
38 4 41 4 0.0287374229871586
39 4 11 4 0.0270885270167932
39 4 17 4 0.027156442347688
39 4 38 4 0.0222885524146486
39 4 39 4 1
39 4 43 4 0.0227177045745115
40 4 5 4 0.0283921996999279
40 4 13 4 0.026937449503971
40 4 25 4 0.0309373227826854
40 4 28 4 0.0296445541814496
40 4 37 4 0.02417001805655
40 4 40 4 1
40 4 42 4 0.0292231698072572
41 4 13 4 0.0291275328419424
41 4 30 4 0.0376798113754332
41 4 38 4 0.0282784998551277
41 4 41 4 1
41 4 43 4 0.0362875644412193
42 4 9 4 0.0258080455096383
42 4 21 4 0.0500030418302576
42 4 26 4 0.0242845873503766
42 4 40 4 0.0313946827809563
42 4 42 4 1
43 4 2 4 0.0338640493664054
43 4 7 4 0.029753025234446
43 4 9 4 0.0310100917303318
43 4 10 4 0.032986088599657
43 4 21 4 0.0241663382052774
43 4 30 4 0.0295326583079968
43 4 39 4 0.0258686606827101
43 4 41 4 0.0408812146470105
43 4 43 4 1
44 4 3 4 0.0262657818475717
44 4 4 4 0.0275743736004142
44 4 5 4 0.0271180414606312
44 4 9 4 0.0230606286695074
44 4 12 4 0.025541986889054
44 4 17 4 0.0343966756551852
44 4 19 4 0.0373821728324409
44 4 22 4 0.0252593101294941
44 4 29 4 0.0248549139701071
44 4 31 4 0.0303932994010993
44 4 35 4 0.0303787242675842
44 4 39 4 0.0258252454886257
44 4 44 4 1
45 4 7 4 0.0398702019421074
45 4 10 4 0.0286446988148724
45 4 12 4 0.0310127011407808
45 4 34 4 0.0221824327766357
45 4 45 4 1
46 4 3 4 0.0339525402848474
46 4 8 4 0.0312697383045057
46 4 10 4 0.0324303978118399
46 4 15 4 0.0287660278937443
46 4 20 4 0.0325145549203943
46 4 22 4 0.0341868776537968
46 4 24 4 0.028943634360756
46 4 28 4 0.0326204744016467
46 4 46 4 1
