144 13 96 4 281
145 13 76 4 274
147 13 18 9 285
52 1 8 9 275
162 6 123 12 276
167 6 28 9 281
170 6 105 4 285
173 6 77 4 284
60 1 51 1 289
200 11 111 4 285
201 11 173 6 283
206 11 178 6 170
212 11 155 13 284
217 12 45 3 151
218 12 178 6 250
224 2 122 4 252
227 9 2 9 283
79 4 2 9 271
80 4 39 3 177
32 10 6 9 285
138 13 109 4 290
144 13 28 9 274
155 13 128 13 168
161 6 103 4 128
167 6 137 13 125
186 8 146 13 121
230 5 2 9 278
156 6 123 12 138
158 6 71 4 142
158 6 86 4 120
170 6 2 9 119
171 6 71 4 116
172 6 22 9 125
55 1 29 9 120
194 8 124 4 145
195 8 93 4 120
207 11 1 9 116
67 4 6 9 113
209 11 66 4 118
211 11 169 6 114
212 11 164 6 122
213 12 11 9 104
225 5 174 6 112
225 5 178 6 221
228 5 223 2 112
89 4 45 3 120
100 4 67 4 118
36 3 2 9 124
123 12 9 9 108
123 12 22 9 136
127 13 48 3 110
129 13 82 4 115
133 13 3 9 121
45 3 33 10 124
45 3 35 3 132
144 13 9 9 40
150 13 135 13 17
159 6 2 9 107
170 6 93 4 96
56 1 21 9 66
177 6 91 4 12
212 11 53 1 78
221 2 169 6 60
229 5 94 4 77
233 5 111 4 111
79 4 21 9 81
114 4 2 9 79
117 4 110 4 70
127 13 80 4 31
145 13 88 4 27
205 11 177 6 57
212 11 21 9 51
223 2 57 1 49
226 5 16 9 47
227 9 200 11 73
48 3 10 9 76
50 1 16 9 7
146 13 5 9 45
148 13 28 9 9
159 6 25 9 18
183 8 68 4 56
198 8 105 4 32
227 9 140 13 2
227 9 209 11 2
234 5 137 13 5
94 4 23 9 18
99 4 13 9 48
138 13 69 4 69
163 6 71 4 11
173 6 50 1 59
191 8 79 4 53
220 12 51 1 4
91 4 32 10 2
148 13 75 4 2
186 8 96 4 6
188 8 95 4 1
196 8 77 4 8
91 4 28 9 1
230 5 128 13 36
236 5 128 13 20
93 4 62 4 28
144 13 97 4 14
210 11 149 13 25
93 4 15 9 9
144 13 91 4 28
216 12 169 6 10
110 4 70 4 16
127 13 22 9 3
128 13 10 9 7
146 13 137 13 1
149 13 144 13 2
53 1 21 9 2
170 6 71 4 5
170 6 109 4 3
177 6 15 9 3
187 8 177 6 1
194 8 174 6 1
207 11 178 6 3
209 11 206 11 2
235 5 65 4 6
75 4 45 3 2
75 4 65 4 9
165 6 16 9 9
108 4 66 4 3
197 8 113 4 2
161 6 120 7 3
220 12 103 4 2
199 7 101 4 1
150 13 77 4 2
155 13 22 9 2
195 8 4 9 3
209 11 99 4 2
170 6 150 13 1
182 8 91 4 1
201 11 135 13 1
